738	738
739	739
740	740
741	741
742	742
743	743
744	744
745	745
3938	3938
4525	4525
2209	2209
4324	4324
1793	1793
1792	1792
1791	1791
1790	1790
1789	1789
1788	1788
1787	1787
4322	4322
1784	1784
3577	3577
4526	4526
4327	4327
4250	4250
4326	4326
3853	3853
4276	4276
3576	3576
3359	3359
2657	2657
2655	2655
2656	2656
2653	2653
2267	2267
2651	2651
2652	2652
1003	1003
1004	1004
1001	1001
1002	1002
615	615
613	613
614	614
94	94
716	716
717	717
718	718
719	719
712	712
713	713
714	714
715	715
619	619
620	620
621	621
4169	4169
758	758
759	759
756	756
757	757
754	754
755	755
752	752
753	753
3189	3189
3578	3578
1773	1773
1774	1774
1771	1771
1772	1772
1605	1605
1604	1604
1607	1607
1606	1606
1608	1608
1785	1785
418	418
4335	4335
1781	1781
1782	1782
1783	1783
549	549
1599	1599
1598	1598
1597	1597
1596	1596
3350	3350
641	641
2211	2211
639	639
640	640
1750	1750
1751	1751
1748	1748
1749	1749
1759	1759
1590	1590
1761	1761
1762	1762
1587	1587
1586	1586
1589	1589
1588	1588
3347	3347
2210	2210
4622	4622
4621	4621
4620	4620
4619	4619
2641	2641
2250	2250
3580	3580
2637	2637
2636	2636
2639	2639
2251	2251
1042	1042
1041	1041
1044	1044
1043	1043
4380	4380
1045	1045
1556	1556
2554	2554
2553	2553
2552	2552
2551	2551
1546	1546
1543	1543
1542	1542
1545	1545
1544	1544
4301	4301
3691	3691
910	910
909	909
906	906
905	905
908	908
907	907
1562	1562
1561	1561
1564	1564
1563	1563
1565	1565
4769	4769
2620	2620
1733	1733
2622	2622
2621	2621
2624	2624
2623	2623
898	898
897	897
1223	1223
4798	4798
1219	1219
1220	1220
1221	1221
1222	1222
1730	1730
4013	4013
1033	1033
1032	1032
1031	1031
1030	1030
1029	1029
4644	4644
8	8
7	7
6	6
5	5
16	16
15	15
18	18
17	17
3479	3479
19	19
3936	3936
4349	4349
1375	1375
4726	4726
4651	4651
1371	1371
1372	1372
1373	1373
1374	1374
1367	1367
1368	1368
1369	1369
1370	1370
3478	3478
1278	1278
1279	1279
1276	1276
1277	1277
1274	1274
1275	1275
1272	1272
1273	1273
1269	1269
1270	1270
1331	1331
1332	1332
1337	1337
1338	1338
1339	1339
1340	1340
1341	1341
1342	1342
1343	1343
1344	1344
3221	3221
3219	3219
3220	3220
3217	3217
3218	3218
3240	3240
4511	4511
1185	1185
1184	1184
2248	2248
1186	1186
1181	1181
1180	1180
1183	1183
1182	1182
4519	4519
3835	3835
3834	3834
3837	3837
3836	3836
1218	1218
1217	1217
1216	1216
1215	1215
1214	1214
1213	1213
1212	1212
3921	3921
3922	3922
3923	3923
3924	3924
3925	3925
3845	3845
3844	3844
3843	3843
3586	3586
2254	2254
2253	2253
4014	4014
2255	2255
3202	3202
3201	3201
3662	3662
1108	1108
1107	1107
1207	1207
1109	1109
3878	3878
3165	3165
3880	3880
3881	3881
3882	3882
3883	3883
4139	4139
4140	4140
3175	3175
4783	4783
4784	4784
1196	1196
1195	1195
1194	1194
1193	1193
3176	3176
1197	1197
4382	4382
3814	3814
3813	3813
3812	3812
2654	2654
1977	1977
2181	2181
2182	2182
2179	2179
2180	2180
2914	2914
3868	3868
3865	3865
3866	3866
3871	3871
1804	1804
1803	1803
1802	1802
1810	1810
1809	1809
1812	1812
1811	1811
1813	1813
4361	4361
2787	2787
2785	2785
2786	2786
2915	2915
4394	4394
2188	2188
2189	2189
2190	2190
2191	2191
4126	4126
1714	1714
4124	4124
4125	4125
4130	4130
4128	4128
1715	1715
4391	4391
1712	1712
4015	4015
1064	1064
4500	4500
4628	4628
4392	4392
623	623
622	622
624	624
3996	3996
4375	4375
1716	1716
3166	3166
3355	3355
1717	1717
630	630
629	629
628	628
636	636
635	635
638	638
637	637
1698	1698
3828	3828
1822	1822
1821	1821
1820	1820
3451	3451
2208	2208
3819	3819
2204	2204
2205	2205
2206	2206
2207	2207
3856	3856
3857	3857
3858	3858
3859	3859
3860	3860
3861	3861
4348	4348
4811	4811
4739	4739
4813	4813
4814	4814
4815	4815
4816	4816
4817	4817
4829	4829
4456	4456
4827	4827
3338	3338
4825	4825
4826	4826
4823	4823
4457	4457
4315	4315
2415	2415
4314	4314
4766	4766
4277	4277
4765	4765
2504	2504
2416	2416
2857	2857
3652	3652
4458	4458
3650	3650
3651	3651
4278	4278
2662	2662
520	520
3599	3599
3600	3600
2658	2658
2659	2659
2660	2660
521	521
3964	3964
870	870
871	871
868	868
869	869
3919	3919
3457	3457
2747	2747
523	523
2745	2745
2746	2746
2743	2743
2744	2744
881	881
882	882
883	883
884	884
841	841
842	842
843	843
3313	3313
3456	3456
3906	3906
3905	3905
3908	3908
3907	3907
847	847
846	846
3585	3585
848	848
3587	3587
3588	3588
3589	3589
4837	4837
4101	4101
3898	3898
1681	1681
1680	1680
1683	1683
1682	1682
2031	2031
4804	4804
3939	3939
4741	4741
4809	4809
4808	4808
4807	4807
3082	3082
4810	4810
4417	4417
1627	1627
1626	1626
1625	1625
1624	1624
1623	1623
1622	1622
1610	1610
1609	1609
1612	1612
1611	1611
1614	1614
1613	1613
3897	3897
3123	3123
3122	3122
3570	3570
3571	3571
3568	3568
3569	3569
4111	4111
4110	4110
3572	3572
3573	3573
4113	4113
4112	4112
4445	4445
2723	2723
2724	2724
2721	2721
2722	2722
3551	3551
3552	3552
2725	2725
2726	2726
861	861
862	862
863	863
864	864
3559	3559
3560	3560
4647	4647
4266	4266
3294	3294
2123	2123
3292	3292
2121	2121
2122	2122
2119	2119
2120	2120
1426	1426
1425	1425
1424	1424
1423	1423
1422	1422
1411	1411
1410	1410
1413	1413
1412	1412
1415	1415
1414	1414
4185	4185
2111	2111
2112	2112
2113	2113
2114	2114
880	880
879	879
4378	4378
4105	4105
3296	3296
3295	3295
1640	1640
1639	1639
3109	3109
1641	1641
1636	1636
1635	1635
1638	1638
1637	1637
2836	2836
2834	2834
2835	2835
4102	4102
4398	4398
3300	3300
4010	4010
4009	4009
4012	4012
3299	3299
2840	2840
2841	2841
2842	2842
1786	1786
3124	3124
3125	3125
3126	3126
3127	3127
2739	2739
2738	2738
2741	2741
2740	2740
4449	4449
2742	2742
3988	3988
1448	1448
1447	1447
1446	1446
1445	1445
1452	1452
1451	1451
1450	1450
1449	1449
2132	2132
2128	2128
2129	2129
2130	2130
2131	2131
4834	4834
860	860
859	859
858	858
1434	1434
1433	1433
1436	1436
1435	1435
4724	4724
3312	3312
3709	3709
4721	4721
4683	4683
4682	4682
4685	4685
4684	4684
4687	4687
4095	4095
4688	4688
4710	4710
4011	4011
3182	3182
4709	4709
4442	4442
4497	4497
4712	4712
4793	4793
4674	4674
4444	4444
3064	3064
3111	3111
3112	3112
3113	3113
1752	1752
4129	4129
4745	4745
3181	3181
235	235
234	234
233	233
232	232
231	231
230	230
229	229
228	228
217	217
216	216
219	219
218	218
2530	2530
220	220
3065	3065
3984	3984
3985	3985
3980	3980
3981	3981
3982	3982
3983	3983
3180	3180
2712	2712
1760	1760
4074	4074
4007	4007
4008	4008
4005	4005
4006	4006
4001	4001
2556	2556
2555	2555
1763	1763
2558	2558
1764	1764
3215	3215
2557	2557
3213	3213
3214	3214
3211	3211
3212	3212
3358	3358
4546	4546
3188	3188
270	270
269	269
272	272
271	271
273	273
4136	4136
3636	3636
256	256
255	255
254	254
253	253
260	260
259	259
258	258
257	257
3089	3089
3090	3090
2550	2550
244	244
241	241
240	240
243	243
242	242
282	282
3092	3092
2640	2640
2962	2962
2958	2958
2959	2959
2960	2960
2961	2961
3645	3645
3644	3644
3643	3643
4428	4428
1386	1386
3918	3918
2873	2873
4424	4424
4425	4425
4422	4422
4423	4423
3256	3256
3257	3257
3254	3254
3255	3255
3260	3260
1384	1384
3258	3258
3259	3259
3195	3195
2625	2625
1385	1385
3196	3196
3272	3272
1555	1555
3274	3274
3275	3275
3268	3268
3269	3269
3270	3270
1554	1554
3917	3917
4737	4737
4654	4654
1553	1553
4075	4075
4736	4736
2160	2160
2159	2159
2158	2158
1552	1552
2156	2156
2155	2155
2154	2154
2153	2153
1688	1688
1689	1689
1690	1690
4418	4418
1684	1684
1685	1685
1686	1686
1687	1687
4202	4202
4201	4201
4200	4200
4199	4199
4198	4198
4197	4197
3916	3916
4047	4047
1679	1679
1677	1677
1678	1678
1675	1675
1676	1676
1673	1673
1674	1674
1659	1659
1660	1660
1661	1661
1662	1662
1663	1663
1664	1664
1665	1665
1666	1666
2144	2144
2143	2143
2146	2146
2145	2145
2148	2148
2147	2147
3705	3705
3944	3944
1997	1997
2946	2946
2947	2947
2944	2944
2945	2945
4214	4214
3942	3942
2948	2948
4215	4215
1884	1884
1883	1883
1882	1882
1881	1881
1886	1886
1885	1885
1849	1849
4360	4360
3168	3168
1874	1874
1873	1873
3694	3694
3695	3695
1870	1870
1869	1869
1872	1872
1871	1871
2432	2432
1999	1999
2430	2430
2431	2431
2428	2428
2429	2429
2417	2417
2418	2418
2419	2419
2420	2420
2421	2421
2422	2422
3703	3703
3143	3143
4590	4590
3144	3144
4589	4589
4168	4168
4167	4167
4166	4166
3145	3145
3683	3683
4171	4171
2070	2070
3682	3682
4587	4587
2626	2626
3463	3463
4705	4705
3464	3464
3362	3362
3920	3920
2848	2848
2673	2673
4227	4227
4325	4325
1823	1823
4323	4323
2674	2674
4328	4328
2638	2638
1824	1824
4225	4225
1825	1825
3701	3701
4338	4338
3931	3931
4334	4334
4333	4333
4336	4336
3930	3930
631	631
3068	3068
3933	3933
632	632
4302	4302
3932	3932
4300	4300
4299	4299
4298	4298
4297	4297
1897	1897
1898	1898
1899	1899
1900	1900
1901	1901
1902	1902
4742	4742
4577	4577
2040	2040
2041	2041
2038	2038
2039	2039
2042	2042
3875	3875
3205	3205
3204	3204
955	955
956	956
953	953
954	954
4404	4404
4403	4403
4402	4402
4401	4401
4407	4407
4406	4406
4405	4405
4569	4569
4518	4518
4565	4565
3851	3851
4395	4395
2819	2819
4564	4564
3325	3325
4390	4390
4393	4393
2818	2818
2821	2821
4570	4570
2820	2820
3337	3337
3336	3336
3335	3335
3334	3334
4156	4156
4568	4568
3776	3776
3316	3316
3324	3324
4704	4704
4154	4154
2619	2619
2784	2784
2782	2782
2783	2783
4231	4231
4556	4556
1879	1879
1880	1880
3298	3298
3297	3297
1875	1875
1876	1876
1877	1877
1878	1878
3323	3323
2924	2924
4528	4528
4698	4698
2576	2576
3287	3287
3248	3248
4441	4441
2036	2036
3311	3311
2824	2824
2822	2822
2823	2823
4523	4523
4629	4629
934	934
933	933
932	932
931	931
936	936
935	935
4077	4077
4078	4078
4079	4079
4631	4631
4701	4701
3199	3199
3799	3799
3247	3247
943	943
942	942
3197	3197
3198	3198
3353	3353
4165	4165
3169	3169
1576	1576
3158	3158
3159	3159
917	917
916	916
924	924
923	923
926	926
925	925
3146	3146
3147	3147
3148	3148
4812	4812
2451	2451
4176	4176
2452	2452
2589	2589
2588	2588
2587	2587
2586	2586
4515	4515
4516	4516
2591	2591
2590	2590
296	296
297	297
294	294
295	295
300	300
301	301
298	298
299	299
4529	4529
4527	4527
4142	4142
2078	2078
2575	2575
3622	3622
2577	2577
289	289
290	290
285	285
286	286
287	287
288	288
4503	4503
2566	2566
2565	2565
2564	2564
4690	4690
4689	4689
4193	4193
3252	3252
4692	4692
4194	4194
4537	4537
4691	4691
3806	3806
3621	3621
3648	3648
4170	4170
2324	2324
2323	2323
2322	2322
2321	2321
2611	2611
2327	2327
2326	2326
2325	2325
3420	3420
3421	3421
3251	3251
1911	1911
3422	3422
3423	3423
2812	2812
2811	2811
2810	2810
2809	2809
2808	2808
2807	2807
2806	2806
2805	2805
4239	4239
4205	4205
3394	3394
4501	4501
3392	3392
3393	3393
3390	3390
3391	3391
3388	3388
3389	3389
4775	4775
4207	4207
3619	3619
4208	4208
2308	2308
2307	2307
2310	2310
2309	2309
2312	2312
2311	2311
2313	2313
2912	2912
2953	2953
3253	3253
2913	2913
2299	2299
2298	2298
2297	2297
2296	2296
2295	2295
2294	2294
2293	2293
58	58
59	59
60	60
61	61
54	54
55	55
56	56
57	57
3321	3321
3631	3631
3370	3370
3371	3371
3372	3372
3373	3373
3374	3374
3375	3375
3376	3376
3693	3693
1566	1566
2071	2071
3363	3363
3360	3360
2534	2534
3364	3364
3685	3685
3684	3684
3687	3687
3686	3686
4841	4841
1286	1286
1284	1284
1285	1285
1282	1282
1283	1283
1280	1280
1281	1281
4542	4542
2506	2506
4544	4544
4543	4543
4545	4545
2630	2630
1912	1912
2629	2629
4285	4285
4554	4554
2607	2607
4552	4552
2628	2628
3708	3708
3310	3310
2532	2532
2045	2045
4104	4104
2609	2609
3959	3959
2610	2610
373	373
372	372
375	375
374	374
34	34
33	33
36	36
35	35
37	37
4768	4768
3660	3660
357	357
356	356
355	355
354	354
353	353
352	352
351	351
2022	2022
2021	2021
2024	2024
2023	2023
45	45
44	44
43	43
42	42
4593	4593
3945	3945
4	4
3947	3947
3948	3948
1	1
0	0
3	3
2	2
27	27
26	26
1322	1322
24	24
2709	2709
2697	2697
1316	1316
1317	1317
1314	1314
1315	1315
1320	1320
1321	1321
1318	1318
1319	1319
4263	4263
2695	2695
1965	1965
1889	1889
1963	1963
1962	1962
3241	3241
1890	1890
3926	3926
1887	1887
2005	2005
2004	2004
2507	2507
141	141
2001	2001
2000	2000
2003	2003
2002	2002
3877	3877
367	367
366	366
2014	2014
2013	2013
2012	2012
2011	2011
4762	4762
4763	4763
4764	4764
3408	3408
3594	3594
3409	3409
2057	2057
2056	2056
2055	2055
2054	2054
2060	2060
2059	2059
2058	2058
1165	1165
2687	2687
380	380
4229	4229
378	378
379	379
376	376
377	377
1157	1157
1158	1158
1159	1159
1160	1160
1161	1161
1162	1162
1163	1163
1164	1164
3575	3575
3406	3406
3574	3574
658	658
2092	2092
2091	2091
2090	2090
2089	2089
2088	2088
2087	2087
1313	1313
1312	1312
2102	2102
2101	2101
2104	2104
656	656
2105	2105
1305	1305
1304	1304
1307	1307
1306	1306
1309	1309
1308	1308
1311	1311
1310	1310
2330	2330
2331	2331
2328	2328
2329	2329
2334	2334
3581	3581
2157	2157
2333	2333
157	157
156	156
155	155
154	154
153	153
144	144
143	143
146	146
145	145
2344	2344
147	147
2346	2346
2347	2347
2352	2352
2353	2353
358	358
359	359
360	360
2358	2358
2359	2359
2356	2356
2357	2357
3246	3246
4498	4498
1178	1178
1179	1179
1176	1176
1177	1177
1174	1174
1175	1175
1172	1172
1173	1173
4835	4835
3191	3191
4755	4755
4502	4502
4034	4034
4033	4033
3793	3793
4031	4031
4832	4832
4776	4776
3190	3190
4024	4024
4023	4023
4026	4026
4025	4025
4057	4057
4056	4056
4055	4055
4054	4054
4053	4053
4043	4043
4042	4042
4045	4045
3553	3553
2244	2244
3193	3193
3904	3904
167	167
3629	3629
164	164
163	163
166	166
165	165
3386	3386
3385	3385
3387	3387
4088	4088
3899	3899
4182	4182
2467	2467
2466	2466
2465	2465
2464	2464
2434	2434
2433	2433
3438	3438
2435	2435
3439	3439
3036	3036
4711	4711
3902	3902
4339	4339
3607	3607
2546	2546
3896	3896
3603	3603
2892	2892
2893	2893
2890	2890
2891	2891
2888	2888
2889	2889
2886	2886
2887	2887
3605	3605
2894	2894
3747	3747
3746	3746
3748	3748
4831	4831
4626	4626
4213	4213
4332	4332
2489	2489
2488	2488
2487	2487
2486	2486
2876	2876
2877	2877
2878	2878
2490	2490
2703	2703
2704	2704
2480	2480
2479	2479
2481	2481
2476	2476
2475	2475
2478	2478
2477	2477
3780	3780
3779	3779
2706	2706
2249	2249
3661	3661
3773	3773
2247	2247
2246	2246
3566	3566
2245	2245
3131	3131
2862	2862
3765	3765
1628	1628
3766	3766
2243	2243
3758	3758
3757	3757
3756	3756
3755	3755
3754	3754
3753	3753
3752	3752
3957	3957
3332	3332
4343	4343
4641	4641
4640	4640
4639	4639
4638	4638
4259	4259
4260	4260
4162	4162
4681	4681
4100	4100
2631	2631
3958	3958
3742	3742
2217	2217
2215	2215
2216	2216
2213	2213
2214	2214
4341	4341
4648	4648
3732	3732
3731	3731
3730	3730
3729	3729
3728	3728
3727	3727
3726	3726
3720	3720
3719	3719
2982	2982
4830	4830
4345	4345
4230	4230
3672	3672
778	778
779	779
780	780
4280	4280
774	774
775	775
776	776
777	777
1981	1981
1980	1980
1979	1979
1978	1978
4346	4346
4347	4347
1983	1983
1982	1982
4354	4354
4355	4355
4356	4356
4357	4357
822	822
823	823
820	820
821	821
1972	1972
1971	1971
1968	1968
1967	1967
1970	1970
1969	1969
4269	4269
4270	4270
4152	4152
4268	4268
3072	3072
4085	4085
4307	4307
1990	1990
1989	1989
1992	1992
1991	1991
2365	2365
1993	1993
2241	2241
2242	2242
2239	2239
2240	2240
4306	4306
4303	4303
4293	4293
4292	4292
4086	4086
4294	4294
796	796
4296	4296
794	794
795	795
781	781
782	782
783	783
784	784
785	785
3542	3542
2952	2952
3544	3544
3545	3545
3546	3546
3547	3547
3548	3548
3549	3549
2608	2608
3361	3361
4087	4087
4699	4699
804	804
805	805
802	802
803	803
806	806
2951	2951
2755	2755
3562	3562
840	840
3561	3561
837	837
836	836
839	839
838	838
1940	1940
3736	3736
3567	3567
3498	3498
3499	3499
3496	3496
3497	3497
3502	3502
3503	3503
3500	3500
3501	3501
2756	2756
3505	3505
547	547
3519	3519
3520	3520
3521	3521
3522	3522
3515	3515
3516	3516
3186	3186
3518	3518
541	541
540	540
3534	3534
4240	4240
3532	3532
543	543
3530	3530
3531	3531
2236	2236
2235	2235
2238	2238
137	137
3485	3485
204	204
205	205
206	206
207	207
445	445
444	444
446	446
2615	2615
2616	2616
2617	2617
1204	1204
2777	2777
2778	2778
2775	2775
2776	2776
2781	2781
2779	2779
2780	2780
435	435
434	434
433	433
432	432
4655	4655
436	436
2901	2901
2900	2900
2903	2903
2902	2902
426	426
425	425
428	428
427	427
4660	4660
3208	3208
4658	4658
3483	3483
3818	3818
3069	3069
4180	4180
3209	3209
3029	3029
3028	3028
3027	3027
3026	3026
3032	3032
3031	3031
3030	3030
3207	3207
398	398
399	399
400	400
401	401
3019	3019
3018	3018
2752	2752
3020	3020
3015	3015
3014	3014
3017	3017
2034	2034
1696	1696
1695	1695
348	348
1697	1697
346	346
347	347
344	344
345	345
385	385
386	386
387	387
388	388
389	389
2711	2711
2714	2714
2713	2713
998	998
999	999
1000	1000
2073	2073
3383	3383
991	991
992	992
989	989
990	990
3669	3669
993	993
172	172
169	169
168	168
171	171
170	170
4486	4486
4437	4437
2754	2754
3071	3071
3062	3062
3063	3063
203	203
202	202
201	201
200	200
199	199
198	198
3293	3293
4594	4594
2107	2107
4847	4847
4510	4510
2106	2106
3309	3309
4408	4408
4550	4550
3895	3895
2627	2627
3847	3847
188	188
187	187
190	190
189	189
4261	4261
191	191
1018	1018
3046	3046
3047	3047
3048	3048
3049	3049
3050	3050
1021	1021
2872	2872
1061	1061
1062	1062
1063	1063
1020	1020
1057	1057
1058	1058
1059	1059
1060	1060
4462	4462
3291	3291
1055	1055
4454	4454
4455	4455
1088	1088
4461	4461
1086	1086
1087	1087
2942	2942
3620	3620
4410	4410
3081	3081
280	280
181	181
180	180
179	179
178	178
3290	3290
3078	3078
3820	3820
3074	3074
3075	3075
3076	3076
3077	3077
3707	3707
4245	4245
3706	3706
2410	2410
4376	4376
3289	3289
1727	1727
1728	1728
1729	1729
4412	4412
1723	1723
1724	1724
1725	1725
1726	1726
3025	3025
3021	3021
3022	3022
3023	3023
3024	3024
3288	3288
3404	3404
4828	4828
1071	1071
1072	1072
1069	1069
1070	1070
1073	1073
4173	4173
4413	4413
2460	2460
2458	2458
2459	2459
2675	2675
2676	2676
408	408
407	407
2663	2663
2664	2664
2665	2665
2666	2666
2667	2667
2668	2668
4232	4232
1093	1093
1090	1090
1089	1089
1092	1092
1091	1091
3177	3177
397	397
396	396
3955	3955
4517	4517
3956	3956
2443	2443
2441	2441
2442	2442
2447	2447
2448	2448
2449	2449
2450	2450
403	403
402	402
2276	2276
3357	3357
4368	4368
3963	3963
4238	4238
4175	4175
3763	3763
4369	4369
1335	1335
1336	1336
1333	1333
1334	1334
1924	1924
1923	1923
1922	1922
1921	1921
3352	3352
4371	4371
508	508
509	509
510	510
3305	3305
489	489
490	490
491	491
2277	2277
3354	3354
3962	3962
538	538
539	539
536	536
537	537
534	534
535	535
4487	4487
3749	3749
4485	4485
4484	4484
4483	4483
4482	4482
4481	4481
3750	3750
1914	1914
1913	1913
2694	2694
1915	1915
3304	3304
4488	4488
2770	2770
2869	2869
3961	3961
3625	3625
1075	1075
1074	1074
1077	1077
1076	1076
2683	2683
2684	2684
2685	2685
2686	2686
3627	3627
3303	3303
4316	4316
3739	3739
3597	3597
4317	4317
447	447
448	448
449	449
4748	4748
4318	4318
4746	4746
4747	4747
4319	4319
2026	2026
2025	2025
3867	3867
4754	4754
3738	3738
3178	3178
516	516
514	514
515	515
3079	3079
3330	3330
3331	3331
429	429
430	430
431	431
3872	3872
3206	3206
3333	3333
3869	3869
3286	3286
545	545
544	544
424	424
546	546
422	422
423	423
420	420
421	421
411	411
412	412
413	413
414	414
3596	3596
3740	3740
3283	3283
3401	3401
3946	3946
1271	1271
970	970
969	969
968	968
967	967
966	966
965	965
964	964
3949	3949
2411	2411
2409	2409
93	93
2407	2407
2408	2408
2865	2865
2864	2864
3284	3284
2866	2866
4157	4157
611	611
612	612
609	609
610	610
95	95
4159	4159
96	96
912	912
911	911
914	914
913	913
915	915
4304	4304
3281	3281
2405	2405
518	518
517	517
519	519
4719	4719
857	857
668	668
669	669
91	91
92	92
89	89
97	97
2854	2854
855	855
3282	3282
2853	2853
126	126
642	642
124	124
125	125
122	122
123	123
2855	2855
3094	3094
3093	3093
3096	3096
3095	3095
2393	2393
2394	2394
2391	2391
2392	2392
2860	2860
2395	2395
2396	2396
4633	4633
2859	2859
4372	4372
4446	4446
2401	2401
2402	2402
2403	2403
3013	3013
3012	3012
3011	3011
3639	3639
1237	1237
3194	3194
1234	1234
665	665
1236	1236
667	667
1230	1230
1229	1229
1232	1232
1231	1231
2919	2919
2918	2918
2917	2917
2916	2916
2921	2921
2920	2920
488	488
343	343
486	486
341	341
342	342
339	339
340	340
4695	4695
2931	2931
4693	4693
4694	4694
2928	2928
2927	2927
2930	2930
2929	2929
4387	4387
3192	3192
480	480
479	479
482	482
481	481
103	103
104	104
101	101
102	102
4672	4672
4673	4673
105	105
475	475
474	474
473	473
472	472
1522	1522
1521	1521
128	128
127	127
1518	1518
1517	1517
2964	2964
2963	2963
1828	1828
1827	1827
1826	1826
1833	1833
1832	1832
1835	1835
1834	1834
1837	1837
1836	1836
2975	2975
551	551
2972	2972
2971	2971
2974	2974
2973	2973
661	661
660	660
659	659
2125	2125
2987	2987
2986	2986
2985	2985
2984	2984
2983	2983
2124	2124
2995	2995
2994	2994
2997	2997
2996	2996
2578	2578
2998	2998
4706	4706
1248	1248
1247	1247
1246	1246
1245	1245
4707	4707
1249	1249
2993	2993
4675	4675
4286	4286
4708	4708
3133	3133
4676	4676
1966	1966
4677	4677
2579	2579
4678	4678
4679	4679
4680	4680
107	107
106	106
109	109
108	108
111	111
110	110
1850	1850
1472	1472
1848	1848
1847	1847
4248	4248
1852	1852
1851	1851
4247	4247
4246	4246
1860	1860
1859	1859
1862	1862
1861	1861
4155	4155
2505	2505
1473	1473
3935	3935
2006	2006
4513	4513
3142	3142
2509	2509
1474	1474
4506	4506
4507	4507
4504	4504
3940	3940
4508	4508
4344	4344
69	69
1262	1262
1263	1263
1264	1264
1265	1265
1266	1266
1267	1267
1268	1268
1475	1475
4846	4846
4320	4320
4253	4253
4254	4254
3618	3618
215	215
214	214
213	213
309	309
308	308
311	311
310	310
312	312
4740	4740
4539	4539
4321	4321
2923	2923
666	666
2015	2015
1233	1233
3873	3873
3874	3874
2199	2199
1235	1235
1461	1461
1462	1462
1459	1459
1460	1460
3876	3876
2197	2197
3171	3171
2198	2198
3170	3170
693	693
694	694
691	691
692	692
3751	3751
2366	2366
695	695
696	696
1480	1480
3172	3172
2201	2201
4184	4184
320	320
319	319
710	710
711	711
704	704
705	705
706	706
707	707
4759	4759
330	330
329	329
3203	3203
331	331
326	326
325	325
328	328
327	327
2813	2813
2814	2814
2815	2815
2846	2846
2847	2847
2816	2816
3592	3592
3317	3317
487	487
1490	1490
1491	1491
1487	1487
1488	1488
1494	1494
1495	1495
1492	1492
1493	1493
1496	1496
1497	1497
1766	1766
1511	1511
1512	1512
1513	1513
1514	1514
1506	1506
1507	1507
1509	1509
1510	1510
3816	3816
4370	4370
4844	4844
1515	1515
1516	1516
90	90
3815	3815
3091	3091
3322	3322
1770	1770
4520	4520
1769	1769
3791	3791
4738	4738
3200	3200
4522	4522
3326	3326
3462	3462
3461	3461
3460	3460
3459	3459
3454	3454
2844	2844
3450	3450
3449	3449
3452	3452
2843	2843
2221	2221
2220	2220
1907	1907
1908	1908
2845	2845
1903	1903
1904	1904
1905	1905
1906	1906
592	592
593	593
594	594
595	595
596	596
597	597
4749	4749
4636	4636
2074	2074
4634	4634
4635	4635
1950	1950
1948	1948
1949	1949
608	608
606	606
607	607
65	65
2373	2373
2075	2075
3231	3231
1600	1600
1601	1601
1602	1602
1603	1603
2069	2069
4732	4732
4618	4618
4581	4581
2072	2072
4614	4614
4615	4615
1593	1593
1594	1594
1591	1591
1592	1592
1595	1595
1140	1140
1139	1139
1138	1138
1137	1137
1537	1537
1538	1538
1142	1142
1141	1141
3817	3817
4582	4582
573	573
574	574
575	575
1865	1865
1866	1866
1863	1863
1864	1864
581	581
579	579
580	580
853	853
3632	3632
1935	1935
1936	1936
2849	2849
2093	2093
1557	1557
1558	1558
1559	1559
1560	1560
3306	3306
80	80
2099	2099
1959	1959
1958	1958
852	852
1960	1960
1049	1049
1228	1228
1047	1047
1046	1046
1225	1225
1224	1224
1227	1227
1226	1226
3445	3445
25	25
4141	4141
3302	3302
1520	1520
3301	3301
1111	1111
1110	1110
1112	1112
2100	2100
13	13
14	14
11	11
12	12
9	9
10	10
1120	1120
1119	1119
1118	1118
1129	1129
1128	1128
1131	1131
1130	1130
1133	1133
1132	1132
1551	1551
816	816
2103	2103
1330	1330
1329	1329
854	854
1327	1327
1326	1326
1325	1325
1324	1324
1323	1323
450	450
451	451
452	452
3663	3663
819	819
2533	2533
3239	3239
4094	4094
4203	4203
4731	4731
1841	1841
1945	1945
1944	1944
1947	1947
1946	1946
1346	1346
1345	1345
1348	1348
1347	1347
1350	1350
1349	1349
1352	1352
1351	1351
3664	3664
2519	2519
2520	2520
4018	4018
4017	4017
1189	1189
1190	1190
1187	1187
1188	1188
2265	2265
2266	2266
1191	1191
1192	1192
4022	4022
1155	1155
1156	1156
4021	4021
1151	1151
1152	1152
1153	1153
1154	1154
1104	1104
1105	1105
1106	1106
2332	2332
4138	4138
1210	1210
1211	1211
1208	1208
1209	1209
1198	1198
1199	1199
1200	1200
1201	1201
1202	1202
1203	1203
4591	4591
3458	3458
458	458
459	459
456	456
457	457
4549	4549
4786	4786
4785	4785
4788	4788
4353	4353
4790	4790
4789	4789
4791	4791
4020	4020
3774	3774
4838	4838
3455	3455
4249	4249
3167	3167
4453	4453
2348	2348
2349	2349
4019	4019
4839	4839
2350	2350
1027	1027
2351	2351
4064	4064
2345	2345
3601	3601
4066	4066
3098	3098
3602	3602
3772	3772
4840	4840
4065	4065
4459	4459
3173	3173
4588	4588
4359	4359
3426	3426
1805	1805
1806	1806
1807	1807
1808	1808
3425	3425
3598	3598
3424	3424
3595	3595
4063	4063
2661	2661
3430	3430
2381	2381
2999	2999
3428	3428
3673	3673
1390	1390
1388	1388
1389	1389
627	627
1387	1387
625	625
626	626
3448	3448
3615	3615
4600	4600
4599	4599
3444	3444
2360	2360
3446	3446
3447	3447
1816	1816
1817	1817
1814	1814
1815	1815
3613	3613
1818	1818
1819	1819
3476	3476
3477	3477
3474	3474
3475	3475
3472	3472
3473	3473
3470	3470
3471	3471
552	552
553	553
555	555
556	556
557	557
558	558
559	559
560	560
561	561
562	562
633	633
634	634
4578	4578
3250	3250
4580	4580
4579	4579
4567	4567
4566	4566
3943	3943
3249	3249
1800	1800
1801	1801
1798	1798
1799	1799
1355	1355
1356	1356
1353	1353
1354	1354
3635	3635
1357	1357
1358	1358
4630	4630
467	467
4632	4632
1580	1580
1579	1579
1578	1578
1577	1577
466	466
3411	3411
2286	2286
2285	2285
2284	2284
2283	2283
2282	2282
2281	2281
468	468
3413	3413
3805	3805
3804	3804
728	728
729	729
726	726
727	727
730	730
731	731
2262	2262
2261	2261
2260	2260
2259	2259
4744	4744
2264	2264
2263	2263
1567	1567
885	885
1569	1569
1568	1568
1570	1570
2274	2274
2273	2273
2275	2275
2270	2270
2269	2269
2272	2272
2271	2271
887	887
886	886
889	889
888	888
874	874
873	873
872	872
4147	4147
3403	3403
3593	3593
2531	2531
2871	2871
3590	3590
770	770
771	771
772	772
773	773
766	766
767	767
768	768
769	769
3912	3912
3582	3582
3910	3910
3911	3911
3400	3400
3914	3914
3915	3915
4509	4509
2535	2535
3903	3903
3056	3056
2212	2212
3900	3900
3901	3901
2803	2803
3792	3792
3583	3583
3790	3790
3789	3789
3604	3604
3396	3396
3606	3606
3584	3584
3395	3395
3892	3892
3893	3893
3890	3890
3891	3891
1634	1634
1632	1632
1633	1633
1630	1630
1631	1631
1519	1519
1629	1629
733	733
732	732
735	735
734	734
737	737
736	736
4255	4255
4241	4241
4836	4836
3633	3633
3242	3242
1964	1964
4794	4794
1615	1615
1616	1616
1617	1617
1618	1618
1619	1619
1620	1620
1621	1621
3565	3565
866	866
865	865
867	867
3529	3529
3486	3486
2543	2543
3482	3482
3481	3481
3484	3484
2544	2544
1008	1008
1007	1007
1006	1006
1005	1005
1011	1011
1010	1010
1009	1009
4480	4480
3894	3894
2118	2118
2117	2117
2116	2116
2115	2115
1023	1023
1022	1022
2109	2109
2108	2108
875	875
876	876
877	877
878	878
3523	3523
2650	2650
2649	2649
2648	2648
751	751
750	750
749	749
748	748
747	747
746	746
3671	3671
1646	1646
3537	3537
1642	1642
1643	1643
1644	1644
1645	1645
618	618
617	617
616	616
3539	3539
1780	1780
1779	1779
3937	3937
1776	1776
1775	1775
1778	1778
1777	1777
4541	4541
1747	1747
1746	1746
1745	1745
1744	1744
1743	1743
1742	1742
1741	1741
4210	4210
4761	4761
645	645
644	644
643	643
856	856
4258	4258
3992	3992
1754	1754
1753	1753
1756	1756
1755	1755
1758	1758
1757	1757
2127	2127
2126	2126
1034	1034
1035	1035
1036	1036
1037	1037
1038	1038
1039	1039
1040	1040
2634	2634
2635	2635
2632	2632
2633	2633
3097	3097
3989	3989
4340	4340
3100	3100
2646	2646
2647	2647
3099	3099
2642	2642
2643	2643
2644	2644
2645	2645
903	903
904	904
899	899
900	900
901	901
902	902
2614	2614
3929	3929
2612	2612
2613	2613
896	896
1767	1767
894	894
895	895
892	892
893	893
890	890
891	891
4212	4212
3070	3070
4081	4081
4080	4080
2510	2510
2511	2511
3229	3229
3228	3228
3227	3227
2375	2375
3225	3225
3224	3224
3223	3223
3222	3222
2696	2696
221	221
222	222
223	223
224	224
225	225
226	226
227	227
4822	4822
4295	4295
1016	1016
1017	1017
2521	2521
2522	2522
1012	1012
1013	1013
1014	1014
1015	1015
497	497
4044	4044
4671	4671
1135	1135
4352	4352
1028	1028
1026	1026
495	495
1024	1024
1025	1025
274	274
275	275
276	276
277	277
278	278
3244	3244
4106	4106
3238	3238
3237	3237
3236	3236
3235	3235
3234	3234
3233	3233
3232	3232
263	263
264	264
261	261
262	262
267	267
268	268
265	265
266	266
249	249
250	250
251	251
252	252
245	245
246	246
247	247
248	248
3994	3994
4108	4108
4103	4103
3642	3642
4547	4547
238	238
239	239
236	236
237	237
3640	3640
3842	3842
3641	3641
3838	3838
3839	3839
3840	3840
3841	3841
4668	4668
3927	3927
3429	3429
3850	3850
3928	3928
3848	3848
3849	3849
3846	3846
572	572
3265	3265
1524	1524
3555	3555
3798	3798
4443	4443
3556	3556
3264	3264
569	569
3262	3262
3261	3261
3267	3267
3266	3266
568	568
3558	3558
571	571
3280	3280
570	570
3277	3277
3276	3276
3279	3279
3278	3278
1672	1672
1671	1671
1670	1670
1669	1669
1668	1668
1667	1667
2268	2268
4135	4135
3554	3554
3608	3608
3609	3609
3610	3610
3611	3611
4186	4186
3885	3885
3884	3884
3887	3887
3245	3245
3889	3889
3888	3888
4144	4144
4143	4143
3800	3800
3436	3436
4093	4093
3435	3435
1655	1655
1654	1654
1657	1657
1656	1656
1658	1658
2910	2910
3647	3647
3832	3832
3833	3833
3830	3830
3437	3437
4505	4505
2178	2178
2177	2177
2176	2176
2184	2184
2183	2183
2186	2186
2185	2185
2187	2187
2759	2759
3407	3407
2758	2758
4767	4767
2761	2761
2760	2760
4521	4521
3612	3612
3692	3692
4091	4091
4120	4120
4119	4119
3398	3398
4117	4117
4123	4123
4122	4122
4121	4121
2523	2523
657	657
4132	4132
1888	1888
4131	4131
1261	1261
3495	3495
4134	4134
68	68
4133	4133
4833	4833
67	67
3852	3852
2524	2524
3854	3854
66	66
3855	3855
2195	2195
2194	2194
2193	2193
2192	2192
3285	3285
2196	2196
3490	3490
3863	3863
3862	3862
4235	4235
4460	4460
2203	2203
2202	2202
3823	3823
3697	3697
3487	3487
4752	4752
3465	3465
2967	2967
4234	4234
4149	4149
4819	4819
4818	4818
4821	4821
4820	4820
4148	4148
3886	3886
3771	3771
4753	4753
4717	4717
4146	4146
4145	4145
4204	4204
4399	4399
4396	4396
4397	4397
3655	3655
3654	3654
3653	3653
1550	1550
4605	4605
4718	4718
3138	3138
3137	3137
3140	3140
3139	3139
2718	2718
2717	2717
2720	2720
2719	2719
3397	3397
4536	4536
3616	3616
3510	3510
3617	3617
851	851
2750	2750
849	849
850	850
844	844
845	845
3827	3827
4715	4715
4842	4842
4845	4845
3623	3623
4540	4540
3230	3230
3624	3624
4092	4092
2173	2173
2172	2172
2175	2175
2174	2174
2169	2169
2168	2168
2171	2171
2170	2170
1939	1939
4374	4374
4716	4716
4373	4373
3058	3058
3059	3059
3060	3060
3061	3061
4801	4801
4802	4802
542	542
4800	4800
4805	4805
4803	4803
4379	4379
4773	4773
3164	3164
3161	3161
3160	3160
3120	3120
3121	3121
4082	4082
4377	4377
4713	4713
3155	3155
3154	3154
3153	3153
3152	3152
3151	3151
3150	3150
3149	3149
4116	4116
4114	4114
4115	4115
4774	4774
3831	3831
4670	4670
2730	2730
2729	2729
2728	2728
2727	2727
2732	2732
2731	2731
3941	3941
3543	3543
2594	2594
2595	2595
2592	2592
2593	2593
2598	2598
2596	2596
2597	2597
4797	4797
3174	3174
4669	4669
4367	4367
1416	1416
1417	1417
1418	1418
1419	1419
1420	1420
1421	1421
2580	2580
2581	2581
4780	4780
4781	4781
4782	4782
3108	3108
3226	3226
4777	4777
4778	4778
4779	4779
2573	2573
2574	2574
2571	2571
2572	2572
2569	2569
2570	2570
2567	2567
2568	2568
2559	2559
2560	2560
2561	2561
2562	2562
2563	2563
4366	4366
3105	3105
3106	3106
4365	4365
2600	2600
2599	2599
2602	2602
2601	2601
2604	2604
2603	2603
2606	2606
2605	2605
2833	2833
2832	2832
2831	2831
4236	4236
1455	1455
1456	1456
1453	1453
1454	1454
1457	1457
1458	1458
2838	2838
2837	2837
2839	2839
1442	1442
1443	1443
1444	1444
1438	1438
1439	1439
1440	1440
1441	1441
1431	1431
1432	1432
1429	1429
1430	1430
1427	1427
1428	1428
2733	2733
2734	2734
2735	2735
2736	2736
2737	2737
3135	3135
4743	4743
2300	2300
2301	2301
2302	2302
2303	2303
2304	2304
2305	2305
2306	2306
3710	3710
3366	3366
3365	3365
3368	3368
3367	3367
51	51
50	50
53	53
52	52
4760	4760
2291	2291
2292	2292
2289	2289
2290	2290
2287	2287
2288	2288
3115	3115
3114	3114
3117	3117
3116	3116
3119	3119
3118	3118
2316	2316
2317	2317
2314	2314
2315	2315
2320	2320
3346	3346
2318	2318
2319	2319
4806	4806
2874	2874
3979	3979
3978	3978
2875	2875
3975	3975
3974	3974
3977	3977
3976	3976
4067	4067
4068	4068
4363	4363
4069	4069
4004	4004
4003	4003
3688	3688
3557	3557
3690	3690
4070	4070
2498	2498
4216	4216
3533	3533
4592	4592
4096	4096
3271	3271
3995	3995
3998	3998
3997	3997
4000	4000
3999	3999
4311	4311
4310	4310
4313	4313
4312	4312
48	48
49	49
46	46
47	47
63	63
2020	2020
2018	2018
2019	2019
2016	2016
62	62
2027	2027
2028	2028
2029	2029
2030	2030
20	20
21	21
22	22
23	23
64	64
4137	4137
3525	3525
4771	4771
3973	3973
3987	3987
3986	3986
3970	3970
3969	3969
3972	3972
3971	3971
30	30
31	31
28	28
29	29
32	32
4436	4436
4435	4435
4434	4434
4433	4433
4432	4432
4431	4431
4430	4430
2751	2751
4770	4770
2863	2863
3781	3781
1734	1734
2861	2861
120	120
1996	1996
87	87
1994	1994
1995	1995
4421	4421
4420	4420
1998	1998
86	86
38	38
39	39
40	40
41	41
85	85
4228	4228
3934	3934
4226	4226
116	116
2007	2007
2008	2008
2009	2009
2010	2010
4772	4772
2165	2165
2166	2166
2167	2167
4151	4151
2161	2161
2162	2162
2163	2163
2164	2164
1167	1167
1166	1166
1169	1169
1168	1168
1171	1171
1170	1170
3308	3308
1437	1437
4177	4177
2151	2151
2152	2152
2149	2149
2150	2150
2133	2133
2134	2134
2135	2135
2136	2136
2137	2137
2138	2138
2139	2139
2140	2140
2141	2141
2142	2142
4191	4191
4192	4192
4189	4189
4190	4190
4187	4187
4188	4188
1731	1731
708	708
2950	2950
2949	2949
2956	2956
2955	2955
2954	2954
709	709
3318	3318
3319	3319
3320	3320
2957	2957
318	318
4305	4305
317	317
1476	1476
4725	4725
1477	1477
1478	1478
138	138
139	139
140	140
321	321
142	142
1891	1891
1892	1892
4757	4757
1205	1205
2424	2424
2423	2423
2426	2426
2425	2425
3698	3698
2427	2427
3700	3700
3699	3699
3329	3329
3327	3327
3328	3328
4358	4358
3744	3744
2337	2337
2338	2338
2335	2335
2336	2336
3658	3658
3657	3657
3656	3656
4016	4016
4219	4219
4331	4331
3351	3351
4329	4329
4330	4330
4796	4796
3764	3764
162	162
4697	4697
158	158
159	159
160	160
161	161
4220	4220
4309	4309
152	152
4308	4308
150	150
151	151
148	148
149	149
1206	1206
2474	2474
2472	2472
2473	2473
2470	2470
2471	2471
2468	2468
2469	2469
1894	1894
1893	1893
1896	1896
1895	1895
4559	4559
3210	3210
3768	3768
952	952
951	951
950	950
949	949
2035	2035
1238	1238
2033	2033
2032	2032
3381	3381
3382	3382
2037	2037
1239	1239
4720	4720
1240	1240
2461	2461
2462	2462
2463	2463
1241	1241
4362	4362
4560	4560
2791	2791
2790	2790
2789	2789
2788	2788
2792	2792
3356	3356
2885	2885
2884	2884
2883	2883
2882	2882
2881	2881
2880	2880
2879	2879
2868	2868
2867	2867
2870	2870
1479	1479
2797	2797
2796	2796
2799	2799
2798	2798
3345	3345
3343	3343
3344	3344
3341	3341
3342	3342
3339	3339
3340	3340
2493	2493
2494	2494
2491	2491
2492	2492
2497	2497
2495	2495
2496	2496
4558	4558
4089	4089
4384	4384
2482	2482
2483	2483
2484	2484
2485	2485
3909	3909
3564	3564
4071	4071
4221	4221
948	948
2382	2382
2252	2252
944	944
945	945
946	946
947	947
2828	2828
2827	2827
2826	2826
2825	2825
2380	2380
2830	2830
2829	2829
4385	4385
922	922
2379	2379
920	920
921	921
918	918
919	919
3782	3782
3783	3783
3784	3784
3785	3785
4289	4289
4222	4222
4090	4090
3348	3348
3864	3864
3777	3777
3778	3778
3775	3775
2383	2383
4386	4386
927	927
928	928
929	929
930	930
3767	3767
1732	1732
3769	3769
3770	3770
305	305
304	304
303	303
302	302
2817	2817
307	307
306	306
3965	3965
3966	3966
3967	3967
3968	3968
2225	2225
2224	2224
2223	2223
2222	2222
292	292
291	291
2219	2219
293	293
2852	2852
4535	4535
4534	4534
4533	4533
4532	4532
4531	4531
4530	4530
4607	4607
4666	4666
2850	2850
3821	3821
4388	4388
2851	2851
3822	3822
939	939
940	940
937	937
938	938
941	941
3183	3183
3960	3960
4553	4553
4512	4512
4603	4603
1541	1541
4389	4389
801	801
554	554
4514	4514
798	798
797	797
800	800
799	799
3563	3563
4098	4098
3427	3427
830	830
829	829
828	828
827	827
826	826
825	825
824	824
3415	3415
3414	3414
3417	3417
3416	3416
2793	2793
2794	2794
2795	2795
3412	3412
4342	4342
3991	3991
3741	3741
2518	2518
3402	3402
2856	2856
2804	2804
3399	3399
2802	2802
2517	2517
2800	2800
2801	2801
2083	2083
2516	2516
2858	2858
4153	4153
2084	2084
4548	4548
2515	2515
3528	3528
3527	3527
3526	3526
2081	2081
3524	3524
2514	2514
3536	3536
3535	3535
3538	3538
2082	2082
3540	3540
2513	2513
3418	3418
3541	3541
2079	2079
4595	4595
2512	2512
2080	2080
2526	2526
4150	4150
2076	2076
2525	2525
2077	2077
2528	2528
2527	2527
3419	3419
4351	4351
4350	4350
2200	2200
810	810
809	809
808	808
807	807
2529	2529
3681	3681
4076	4076
4661	4661
2110	2110
1294	1294
1293	1293
1292	1292
1291	1291
1290	1290
1289	1289
1288	1288
1287	1287
835	835
2086	2086
831	831
832	832
833	833
834	834
2226	2226
2227	2227
2228	2228
2229	2229
2230	2230
2231	2231
2232	2232
2233	2233
2234	2234
3489	3489
3488	3488
2943	2943
3494	3494
3493	3493
3492	3492
3491	3491
4555	4555
3721	3721
1539	1539
3514	3514
3511	3511
1768	1768
3513	3513
3512	3512
3507	3507
3506	3506
3509	3509
3508	3508
4659	4659
368	368
369	369
370	370
371	371
3680	3680
3676	3676
3677	3677
3678	3678
3679	3679
3702	3702
349	349
350	350
4657	4657
4656	4656
2508	2508
3715	3715
4664	4664
4663	4663
811	811
812	812
813	813
814	814
815	815
1701	1701
1702	1702
1703	1703
1704	1704
1705	1705
1706	1706
4447	4447
2094	2094
2095	2095
2096	2096
2097	2097
2098	2098
3829	3829
1529	1529
1765	1765
1693	1693
1694	1694
1691	1691
1692	1692
4686	4686
3377	3377
4451	4451
4002	4002
2499	2499
1525	1525
2501	2501
2500	2500
2503	2503
2502	2502
1526	1526
4046	4046
4792	4792
1523	1523
3349	3349
364	364
365	365
4048	4048
2046	2046
2047	2047
2043	2043
2044	2044
2050	2050
2051	2051
2048	2048
2049	2049
4448	4448
2052	2052
2053	2053
2065	2065
2066	2066
2067	2067
2068	2068
2061	2061
2062	2062
2063	2063
2064	2064
1739	1739
1740	1740
1737	1737
1738	1738
1735	1735
1736	1736
1295	1295
1296	1296
1297	1297
1298	1298
1299	1299
1300	1300
1301	1301
1302	1302
1303	1303
382	382
381	381
4469	4469
4206	4206
3591	3591
4274	4274
4275	4275
1710	1710
1709	1709
1708	1708
1707	1707
4452	4452
4416	4416
4450	4450
1711	1711
2342	2342
2341	2341
2340	2340
2339	2339
4050	4050
4051	4051
4052	4052
2343	2343
4468	4468
4467	4467
3216	3216
4464	4464
4463	4463
4466	4466
4465	4465
2355	2355
2354	2354
3689	3689
4419	4419
3453	3453
2364	2364
2363	2363
2362	2362
2361	2361
2368	2368
2367	2367
2370	2370
2369	2369
2372	2372
2371	2371
362	362
361	361
363	363
3668	3668
3667	3667
3666	3666
3665	3665
4037	4037
4038	4038
4035	4035
4036	4036
4041	4041
4039	4039
4040	4040
2445	2445
2444	2444
4795	4795
2446	2446
4824	4824
3141	3141
4027	4027
4028	4028
4029	4029
4030	4030
3870	3870
4062	4062
4060	4060
4061	4061
4058	4058
4059	4059
4499	4499
1653	1653
1652	1652
1651	1651
1650	1650
1649	1649
1648	1648
1647	1647
1722	1722
1719	1719
1718	1718
1721	1721
1720	1720
2456	2456
2455	2455
2454	2454
2453	2453
406	406
2679	2679
404	404
405	405
3675	3675
3410	3410
3674	3674
3638	3638
3637	3637
3431	3431
3432	3432
3433	3433
3434	3434
2440	2440
2439	2439
2438	2438
2437	2437
2436	2436
2670	2670
2669	2669
2672	2672
2671	2671
3442	3442
3443	3443
3440	3440
3441	3441
2749	2749
394	394
395	395
392	392
393	393
3825	3825
506	506
505	505
507	507
502	502
501	501
504	504
503	503
4084	4084
1920	1920
1918	1918
1919	1919
1916	1916
1917	1917
531	531
530	530
529	529
528	528
527	527
526	526
525	525
524	524
4843	4843
533	533
532	532
2701	2701
2700	2700
2699	2699
2698	2698
4478	4478
4479	4479
2702	2702
4474	4474
4475	4475
4476	4476
4477	4477
4470	4470
4471	4471
4472	4472
4118	4118
2693	2693
2539	2539
2689	2689
2688	2688
2691	2691
2538	2538
4495	4495
4496	4496
4493	4493
4494	4494
4491	4491
2537	2537
4489	4489
4490	4490
2536	2536
3714	3714
3243	3243
3716	3716
3717	3717
3718	3718
2542	2542
2541	2541
2540	2540
3659	3659
4538	4538
4256	4256
4099	4099
513	513
512	512
511	511
1929	1929
1930	1930
1931	1931
1925	1925
1926	1926
1927	1927
1928	1928
3745	3745
1840	1840
3743	3743
419	419
548	548
417	417
416	416
415	415
4440	4440
4242	4242
1838	1838
4667	4667
3737	3737
3733	3733
3734	3734
3735	3735
2549	2549
4646	4646
3826	3826
4645	4645
4642	4642
4643	4643
4650	4650
3550	3550
4652	4652
4653	4653
3724	3724
3725	3725
3722	3722
3723	3723
410	410
409	409
4097	4097
2545	2545
2548	2548
3990	3990
2547	2547
3136	3136
4032	4032
4257	4257
649	649
648	648
647	647
646	646
1973	1973
1974	1974
1975	1975
1976	1976
4284	4284
4283	4283
4282	4282
4281	4281
981	981
982	982
983	983
984	984
653	653
652	652
655	655
654	654
2413	2413
2412	2412
975	975
2414	2414
973	973
974	974
971	971
972	972
957	957
958	958
959	959
960	960
961	961
962	962
963	963
4273	4273
4272	4272
4271	4271
2681	2681
4262	4262
4265	4265
4264	4264
4610	4610
3110	3110
3134	3134
4616	4616
4799	4799
4617	4617
4287	4287
4288	4288
4072	4072
4290	4290
4291	4291
4727	4727
672	672
671	671
670	670
4723	4723
4722	4722
4083	4083
4381	4381
2387	2387
2386	2386
2385	2385
2384	2384
2390	2390
2389	2389
2388	2388
4383	4383
4438	4438
4073	4073
4787	4787
2398	2398
2397	2397
2400	2400
2399	2399
787	787
786	786
789	789
788	788
791	791
790	790
793	793
792	792
1986	1986
1987	1987
1984	1984
1985	1985
3132	3132
2406	2406
1988	1988
2404	2404
4439	4439
4733	4733
4337	4337
662	662
663	663
664	664
3163	3163
3162	3162
550	550
485	485
483	483
484	484
4429	4429
3626	3626
4426	4426
4584	4584
4427	4427
476	476
477	477
478	478
3646	3646
2677	2677
2925	2925
2922	2922
1540	1540
4703	4703
4702	4702
2926	2926
4700	4700
3614	3614
471	471
469	469
470	470
2936	2936
2937	2937
2932	2932
2933	2933
2934	2934
2935	2935
2774	2774
2773	2773
2772	2772
2771	2771
4409	4409
212	212
2748	2748
3517	3517
209	209
208	208
211	211
210	210
4411	4411
2763	2763
2762	2762
2765	2765
2764	2764
3649	3649
522	522
2906	2906
2907	2907
2904	2904
2905	2905
2895	2895
2896	2896
2897	2897
2898	2898
2899	2899
4414	4414
4415	4415
650	650
651	651
2017	2017
3405	3405
439	439
440	440
437	437
438	438
443	443
441	441
442	442
384	384
383	383
3824	3824
2682	2682
995	995
994	994
997	997
996	996
3035	3035
2680	2680
3033	3033
3034	3034
4751	4751
3037	3037
3038	3038
988	988
987	987
986	986
985	985
2678	2678
3273	3273
391	391
390	390
2705	2705
2457	2457
4217	4217
980	980
4218	4218
977	977
976	976
979	979
978	978
4223	4223
4224	4224
1257	1257
3634	3634
3073	3073
1256	1256
175	175
176	176
173	173
174	174
1259	1259
177	177
4160	4160
4161	4161
4158	4158
1258	1258
4164	4164
3761	3761
4163	4163
134	134
135	135
136	136
1365	1365
72	72
73	73
70	70
71	71
74	74
3067	3067
3066	3066
196	196
197	197
194	194
195	195
192	192
193	193
182	182
183	183
184	184
185	185
186	186
81	81
82	82
83	83
4183	4183
283	283
284	284
281	281
1054	1054
279	279
1056	1056
3040	3040
3039	3039
3042	3042
3041	3041
3044	3044
3043	3043
3045	3045
1085	1085
1084	1084
1083	1083
1082	1082
1081	1081
4233	4233
4179	4179
3579	3579
3156	3156
4237	4237
3504	3504
4178	4178
3086	3086
3085	3085
3084	3084
3083	3083
4181	4181
3088	3088
3087	3087
313	313
314	314
315	315
316	316
2766	2766
2767	2767
2768	2768
2769	2769
2376	2376
3080	3080
2085	2085
3157	3157
3993	3993
3762	3762
1409	1409
1408	1408
1407	1407
1406	1406
1405	1405
1404	1404
1403	1403
1402	1402
1401	1401
1464	1464
1463	1463
1466	1466
1465	1465
1468	1468
1467	1467
1470	1470
1469	1469
1471	1471
4473	4473
4557	4557
324	324
3057	3057
322	322
323	323
3054	3054
3053	3053
3052	3052
3051	3051
2757	2757
2374	2374
1068	1068
1067	1067
1066	1066
1065	1065
332	332
333	333
4244	4244
4243	4243
4598	4598
3187	3187
1098	1098
1099	1099
1100	1100
1094	1094
1095	1095
1096	1096
1097	1097
3913	3913
4195	4195
2280	2280
2582	2582
3952	3952
2583	2583
4597	4597
2584	2584
3002	3002
2585	2585
4524	4524
1961	1961
1484	1484
1483	1483
1482	1482
1481	1481
1486	1486
1485	1485
3788	3788
3951	3951
2753	2753
3384	3384
1048	1048
1503	1503
1502	1502
1505	1505
1504	1504
1499	1499
1498	1498
1501	1501
1500	1500
4196	4196
3787	3787
4127	4127
2377	2377
1053	1053
4734	4734
4735	4735
4728	4728
4729	4729
4730	4730
1052	1052
3954	3954
1051	1051
4758	4758
493	493
492	492
1050	1050
1078	1078
1079	1079
1080	1080
2237	2237
3314	3314
2378	2378
1019	1019
3263	3263
3953	3953
4602	4602
4174	4174
601	601
600	600
599	599
598	598
605	605
604	604
603	603
602	602
1933	1933
1932	1932
1934	1934
4624	4624
4601	4601
3184	3184
2911	2911
1954	1954
1953	1953
1952	1952
1951	1951
3103	3103
2909	2909
3104	3104
4750	4750
3630	3630
2908	2908
3101	3101
3794	3794
3102	3102
3795	3795
3107	3107
3796	3796
3315	3315
4606	4606
2218	2218
1868	1868
1867	1867
1134	1134
496	496
1136	1136
494	494
500	500
499	499
498	498
3307	3307
4251	4251
4209	4209
1145	1145
1146	1146
1143	1143
1144	1144
1149	1149
1150	1150
1147	1147
1148	1148
1909	1909
4211	4211
3628	3628
1910	1910
3179	3179
578	578
577	577
576	576
583	583
582	582
585	585
584	584
587	587
586	586
589	589
588	588
591	591
590	590
1938	1938
1937	1937
1103	1103
1101	1101
1102	1102
4109	4109
3803	3803
4756	4756
2618	2618
1117	1117
1113	1113
1114	1114
1115	1115
1116	1116
3760	3760
3129	3129
3879	3879
3802	3802
1955	1955
1956	1956
1957	1957
3128	3128
1127	1127
1549	1549
1125	1125
1126	1126
1123	1123
1124	1124
1121	1121
1122	1122
3185	3185
3130	3130
1547	1547
1548	1548
4551	4551
4596	4596
4267	4267
817	817
454	454
453	453
455	455
79	79
76	76
75	75
78	78
77	77
818	818
121	121
88	88
119	119
118	118
117	117
84	84
3696	3696
4649	4649
4604	4604
1941	1941
1942	1942
1943	1943
1242	1242
1243	1243
1244	1244
338	338
337	337
336	336
335	335
334	334
2988	2988
2989	2989
2990	2990
2991	2991
2992	2992
1328	1328
4279	4279
3009	3009
3010	3010
3003	3003
3004	3004
3000	3000
3001	3001
3007	3007
3008	3008
3005	3005
3006	3006
3670	3670
4107	4107
2692	2692
1713	1713
4364	4364
462	462
461	461
460	460
4172	4172
100	100
99	99
98	98
2940	2940
2941	2941
2938	2938
2939	2939
1796	1796
1797	1797
1794	1794
1795	1795
4623	4623
2690	2690
2969	2969
2970	2970
2965	2965
2966	2966
1531	1531
2968	2968
133	133
1530	1530
1527	1527
1528	1528
129	129
130	130
131	131
132	132
2980	2980
2981	2981
2978	2978
2979	2979
2976	2976
2977	2977
1829	1829
1830	1830
1831	1831
3704	3704
1508	1508
4492	4492
1252	1252
1253	1253
1250	1250
1251	1251
4665	4665
4662	4662
1254	1254
1255	1255
3950	3950
4400	4400
1489	1489
3055	3055
463	463
464	464
465	465
1839	1839
1844	1844
1845	1845
1842	1842
1843	1843
1846	1846
1857	1857
1858	1858
4049	4049
1853	1853
1854	1854
1855	1855
1856	1856
112	112
113	113
114	114
115	115
4585	4585
4586	4586
4583	4583
3480	3480
1400	1400
1399	1399
1398	1398
1397	1397
1396	1396
1395	1395
1394	1394
1393	1393
1392	1392
1391	1391
4575	4575
4576	4576
4571	4571
4572	4572
4573	4573
4574	4574
1362	1362
1361	1361
1360	1360
1359	1359
1366	1366
1260	1260
1364	1364
1363	1363
3467	3467
3466	3466
3469	3469
3468	3468
4637	4637
1381	1381
1380	1380
1383	1383
1382	1382
1377	1377
1376	1376
1379	1379
1378	1378
564	564
563	563
566	566
565	565
4563	4563
567	567
4561	4561
4562	4562
723	723
722	722
721	721
720	720
2278	2278
2279	2279
725	725
724	724
1585	1585
3786	3786
3016	3016
1581	1581
1582	1582
1583	1583
1584	1584
678	678
677	677
680	680
679	679
674	674
673	673
676	676
675	675
3797	3797
4625	4625
1575	1575
4627	4627
1573	1573
1574	1574
1571	1571
1572	1572
1532	1532
1533	1533
1534	1534
1535	1535
1536	1536
4611	4611
4608	4608
4609	4609
1700	1700
4612	4612
4613	4613
3378	3378
3801	3801
1699	1699
3807	3807
3808	3808
3809	3809
3810	3810
3811	3811
2258	2258
2256	2256
2257	2257
3713	3713
2708	2708
2707	2707
3711	3711
3379	3379
2710	2710
3712	3712
684	684
683	683
682	682
681	681
688	688
687	687
686	686
685	685
765	765
764	764
690	690
689	689
761	761
760	760
763	763
762	762
702	702
701	701
703	703
698	698
697	697
700	700
699	699
3380	3380
4714	4714
4696	4696
2716	2716
3759	3759
2715	2715
4252	4252
3369	3369
